# Math library, contains log, cos..

PI = 3.141592653589793
NICE = 69
E = 2.718281828459045
LN2 = 0.6931471805599453